Com atrito

Antes:
       aceleracao_y  forca_modulo         massa  velocidade_modulo  velocidade_x  aceleracao_x    forca_x  posicao_y  velocidade_y    forca_y  posicao_x
count     50.000000     50.000000  5.000000e+01          50.000000     50.000000     50.000000  50.000000  50.000000     50.000000  50.000000  50.000000
mean      -0.381280      3.230925  5.236642e+00           2.992937      2.992808      0.180457   0.944989   0.138058     -0.006517  -1.996627  -0.236876
std        1.422334      7.507249  4.485978e-15           0.011710      0.011556      0.488919   2.560295   0.077016      0.027382   7.448254   0.144257
min       -9.810000      0.200528  5.236642e+00           2.972351      2.972349     -0.819737  -4.292671   0.024948     -0.186434 -51.371461  -0.495728
25%       -0.235443      0.623753  5.236642e+00           2.986133      2.986128     -0.089712  -0.469792   0.074902     -0.005852  -1.232930  -0.360645
50%       -0.084546      1.390477  5.236642e+00           2.992572      2.992569      0.005287   0.027687   0.144313     -0.000350  -0.442735  -0.228543
75%       -0.011149      3.073424  5.236642e+00           2.998142      2.998142      0.289371   1.515335   0.201534      0.000375  -0.058382  -0.112017
max        0.444587     51.371461  5.236642e+00           3.052760      3.052260      2.089443  10.941667   0.260565      0.008257   2.328144  -0.003127

Depois:
       aceleracao_y  forca_modulo         massa  velocidade_modulo  velocidade_x  aceleracao_x    forca_x  posicao_y  velocidade_y    forca_y  posicao_x
count     47.000000     47.000000  4.700000e+01          47.000000     47.000000     47.000000  47.000000  47.000000     47.000000  47.000000  47.000000
mean      -9.805267     51.357568  5.236642e+00           3.160734      3.023486      0.008459   0.044298   0.087774     -0.832239 -51.346676   0.253094
std        0.257732      1.359550  3.591123e-15           0.136107      0.047090      0.206355   1.080608   0.086044      0.419350   1.349651   0.139929
min      -10.928818     44.734175  5.236642e+00           2.991500      2.926245     -1.054114  -5.520017  -0.108942     -1.685565 -57.230311   0.019416
25%       -9.810000     51.371461  5.236642e+00           3.044987      2.989610      0.000000   0.000000   0.023991     -1.115030 -51.371461   0.137112
50%       -9.810000     51.371461  5.236642e+00           3.122048      3.017167      0.000000   0.000000   0.096055     -0.878911 -51.371461   0.245787
75%       -9.810000     51.371461  5.236642e+00           3.245012      3.056915      0.000000   0.000000   0.152429     -0.563690 -51.371461   0.369824
max       -8.533485     57.334927  5.236642e+00           3.445754      3.137755      0.661111   3.462003   0.250209     -0.189698 -44.686810   0.488206

--------------------------------------------------------------------------------------------------------------------------------------------------------
Sem atrito

Antes:
         forca_y  forca_modulo  velocidade_y  velocidade_modulo  posicao_x  posicao_y         massa  aceleracao_x  velocidade_x    forca_x  aceleracao_y
count  53.000000     53.000000     53.000000          53.000000  53.000000  53.000000  5.300000e+01     53.000000     53.000000  53.000000     53.000000
mean   -0.868732      3.677282     -0.004246           2.997568  -0.248011   0.119544  5.236642e+00      0.565352      2.997534   2.960547     -0.165895
std     3.889397      7.979455      0.014075           0.023567   0.149263   0.068314  4.483390e-15      1.385286      0.023431   7.254250      0.742727
min   -12.688937      0.153220     -0.067537           2.988243  -0.497522   0.024968  5.236642e+00     -0.201195      2.988242  -1.053586     -2.423106
25%    -0.066272      0.409679     -0.000162           2.990310  -0.371164   0.068255  5.236642e+00      0.039698      2.990310   0.207885     -0.012655
50%     0.091172      0.680911      0.000014           2.990546  -0.245657   0.111542  5.236642e+00      0.077261      2.990546   0.404589      0.017410
75%     0.811371      1.744942      0.000151           2.990741  -0.120348   0.154847  5.236642e+00      0.157952      2.990741   0.827136      0.154941
max     2.479602     27.158711      0.001012           3.103352  -0.018420   0.241062  5.236642e+00      4.679109      3.102619  24.502822      0.473510

Depois:
         forca_y  forca_modulo  velocidade_y  velocidade_modulo  posicao_x  posicao_y         massa  aceleracao_x  velocidade_x    forca_x  aceleracao_y
count  51.000000     51.000000     51.000000          51.000000  51.000000  51.000000  5.100000e+01     51.000000     51.000000  51.000000     51.000000
mean  -47.409209     48.642637     -0.763812           3.263194   0.263907   0.081486  5.236642e+00      0.452855      3.145519   2.371439     -9.053360
std    11.679838      8.099703      0.429547           0.155491   0.148820   0.077533  4.485081e-15      1.270909      0.117531   6.655296      2.230406
min   -51.371461     21.266395     -1.528060           2.993101   0.005704  -0.086574  5.236642e+00      0.000000      2.987458   0.000000     -9.810000
25%   -51.371461     51.371461     -1.093725           3.131884   0.141296   0.022864  5.236642e+00      0.000000      3.053055   0.000000     -9.810000
50%   -51.371461     51.371461     -0.790416           3.270959   0.264638   0.083427  5.236642e+00      0.000000      3.121074   0.000000     -9.810000
75%   -51.371461     51.371461     -0.462120           3.360031   0.394046   0.148947  5.236642e+00      0.000000      3.243600   0.000000     -9.810000
max   -10.863910     51.371461     -0.025175           3.586820   0.495755   0.225373  5.236642e+00      4.658993      3.448376  24.397480     -2.074595